26 51
4.135192 3.614289 3.161330 2.767453 2.424951 2.127124 1.868143 1.642943 1.447116 1.276832 1.128759 1.000000 0.888036 0.777479 0.669721 0.566116 0.467968 0.376510 0.292893 0.218169 0.153276 0.099031 0.056117 0.025072 0.006288 0.000000 0.006288 0.025072 0.056117 0.099031 0.153276 0.218169 0.292893 0.376510 0.467968 0.566116 0.669721 0.777479 0.888036 1.000000 1.128759 1.276832 1.447116 1.642943 1.868143 2.127124 2.424951 2.767453 3.161330 3.614289 4.135192
4.135192 3.616281 3.164348 2.770927 2.428487 2.130429 1.870997 1.645180 1.448613 1.277495 1.128510 0.998787 0.885804 0.774489 0.666198 0.562272 0.464010 0.372647 0.289363 0.214856 0.150172 0.096188 0.053630 0.023082 0.005102 -0.001039 0.005102 0.023082 0.053630 0.096188 0.150172 0.214856 0.289363 0.372647 0.464010 0.562272 0.666198 0.774489 0.885804 0.998787 1.128510 1.277495 1.448613 1.645180 1.870997 2.130429 2.428487 2.770927 3.164348 3.616281 4.135192
4.135192 3.618568 3.167813 2.774917 2.432546 2.134222 1.874272 1.647746 1.450326 1.278248 1.128216 0.997385 0.883234 0.771049 0.662144 0.557849 0.459455 0.368202 0.285299 0.211042 0.146598 0.092912 0.050764 0.020785 0.003657 -0.002321 0.003657 0.020785 0.050764 0.092912 0.146598 0.211042 0.285299 0.368202 0.459455 0.557849 0.662144 0.771049 0.883234 0.997385 1.128216 1.278248 1.450326 1.647746 1.874272 2.134222 2.432546 2.774917 3.167813 3.618568 4.135192
4.135192 3.621187 3.171784 2.779490 2.437198 2.138566 1.878019 1.650676 1.452275 1.279093 1.127856 0.995752 0.880270 0.767085 0.657477 0.552758 0.454212 0.363084 0.280611 0.206642 0.142473 0.089132 0.047453 0.018121 0.001881 -0.003912 0.001881 0.018121 0.047453 0.089132 0.142473 0.206642 0.280611 0.363084 0.454212 0.552758 0.657477 0.767085 0.880270 0.995752 1.127856 1.279093 1.452275 1.650676 1.878019 2.138566 2.437198 2.779490 3.171784 3.621187 4.135192
4.135192 3.624179 3.176326 2.784719 2.442514 2.143527 1.882290 1.654006 1.454476 1.280023 1.127401 0.993838 0.876842 0.762513 0.652097 0.546890 0.448171 0.357183 0.275195 0.201555 0.137703 0.084755 0.043613 0.015012 -0.000319 -0.005906 -0.000319 0.015012 0.043613 0.084755 0.137703 0.201555 0.275195 0.357183 0.448171 0.546890 0.652097 0.762513 0.876842 0.993838 1.127401 1.280023 1.454476 1.654006 1.882290 2.143527 2.442514 2.784719 3.176326 3.624179 4.135192
4.135192 3.627586 3.181504 2.790682 2.448572 2.149171 1.887137 1.657767 1.456937 1.281022 1.126809 0.991573 0.872862 0.757227 0.645886 0.540120 0.441199 0.350370 0.268920 0.195655 0.132165 0.079668 0.039135 0.011349 -0.003069 -0.008427 -0.003069 0.011349 0.039135 0.079668 0.132165 0.195655 0.268920 0.350370 0.441199 0.540120 0.645886 0.757227 0.872862 0.991573 1.126809 1.281022 1.456937 1.657767 1.887137 2.149171 2.448572 2.790682 3.181504 3.627586 4.135192
4.135192 3.631450 3.187388 2.797457 2.455447 2.155562 1.892606 1.661984 1.459654 1.282057 1.126018 0.988872 0.868224 0.751100 0.638700 0.532292 0.433139 0.342484 0.261626 0.188787 0.125711 0.073725 0.033880 0.006986 -0.006541 -0.011649 -0.006541 0.006986 0.033880 0.073725 0.125711 0.188787 0.261626 0.342484 0.433139 0.532292 0.638700 0.751100 0.868224 0.988872 1.126018 1.282057 1.459654 1.661984 1.892606 2.155562 2.455447 2.797457 3.187388 3.631450 4.135192
4.135192 3.635811 3.194045 2.805120 2.463212 2.162761 1.898734 1.666665 1.462607 1.283074 1.124941 0.985617 0.862786 0.743970 0.630362 0.523219 0.423794 0.333328 0.253113 0.180753 0.118146 0.066737 0.027656 0.001718 -0.010969 -0.015811 -0.010969 0.001718 0.027656 0.066737 0.118146 0.180753 0.253113 0.333328 0.423794 0.523219 0.630362 0.743970 0.862786 0.985617 1.124941 1.283074 1.462607 1.666665 1.898734 2.162761 2.463212 2.805120 3.194045 3.635811 4.135192
4.135192 3.640704 3.201537 2.813742 2.471931 2.170811 1.905541 1.671798 1.465746 1.283986 1.123456 0.981655 0.856369 0.735634 0.620649 0.512663 0.412922 0.322655 0.243125 0.171297 0.109215 0.058448 0.020202 -0.004744 -0.016671 -0.021239 -0.016671 -0.004744 0.020202 0.058448 0.109215 0.171297 0.243125 0.322655 0.412922 0.512663 0.620649 0.735634 0.856369 0.981655 1.123456 1.283986 1.465746 1.671798 1.905541 2.170811 2.471931 2.813742 3.201537 3.640704 4.135192
4.135192 3.646158 3.209913 2.823378 2.481647 2.179735 1.913018 1.677335 1.468984 1.284663 1.121391 0.976778 0.848735 0.725830 0.609277 0.500326 0.400212 0.310142 0.231332 0.160083 0.098580 0.048513 0.011152 -0.012808 -0.024083 -0.028384 -0.024083 -0.012808 0.011152 0.048513 0.098580 0.160083 0.231332 0.310142 0.400212 0.500326 0.609277 0.725830 0.848735 0.976778 1.121391 1.284663 1.468984 1.677335 1.913018 2.179735 2.481647 2.823378 3.209913 3.646158 4.135192
4.135192 3.652185 3.219203 2.834059 2.492378 2.189521 1.921113 1.683183 1.472176 1.284914 1.118509 0.970708 0.839571 0.714213 0.595877 0.485817 0.385257 0.295371 0.217296 0.146662 0.085778 0.036451 -0.000010 -0.023046 -0.033799 -0.037860 -0.033799 -0.023046 -0.000010 0.036451 0.085778 0.146662 0.217296 0.295371 0.385257 0.485817 0.595877 0.714213 0.839571 0.970708 1.118509 1.284914 1.472176 1.683183 1.921113 2.189521 2.492378 2.834059 3.219203 3.652185 4.135192
4.135192 3.658783 3.229410 2.845778 2.504092 2.200102 1.929715 1.689177 1.475104 1.284461 1.114480 0.963068 0.828457 0.700326 0.579960 0.468622 0.367519 0.277779 0.200428 0.130420 0.070171 0.021586 -0.014015 -0.036253 -0.046632 -0.050498 -0.046632 -0.036253 -0.014015 0.021586 0.070171 0.130420 0.200428 0.277779 0.367519 0.468622 0.579960 0.700326 0.828457 0.963068 1.114480 1.284461 1.475104 1.689177 1.929715 2.200102 2.504092 2.845778 3.229410 3.658783 4.135192
4.135192 3.665918 3.240490 2.858473 2.516696 2.211339 1.938628 1.695056 1.477441 1.282913 1.108849 0.953344 0.814823 0.683554 0.560869 0.448046 0.346270 0.256600 0.179922 0.110509 0.050864 0.002964 -0.031893 -0.053525 -0.063690 -0.067423 -0.063690 -0.053525 -0.031893 0.002964 0.050864 0.110509 0.179922 0.256600 0.346270 0.448046 0.560869 0.683554 0.814823 0.953344 1.108849 1.282913 1.477441 1.695056 1.938628 2.211339 2.516696 2.858473 3.240490 3.665918 4.135192
4.135192 3.673526 3.252340 2.872007 2.530003 2.222986 1.947538 1.700432 1.478718 1.279720 1.100988 0.940833 0.797899 0.663061 0.537712 0.423143 0.320507 0.230774 0.154660 0.085746 0.026598 -0.020758 -0.055079 -0.076358 -0.086482 -0.090152 -0.086482 -0.076358 -0.055079 -0.020758 0.026598 0.085746 0.154660 0.230774 0.320507 0.423143 0.537712 0.663061 0.797899 0.940833 1.100988 1.279720 1.478718 1.700432 1.947538 2.222986 2.530003 2.872007 3.252340 3.673526 4.135192
4.135192 3.681495 3.264781 2.886137 2.543706 2.234658 1.955972 1.704739 1.478270 1.274119 1.090034 0.924574 0.776627 0.637701 0.509257 0.392600 0.288837 0.198824 0.123076 0.054463 -0.004399 -0.051468 -0.085561 -0.106794 -0.117064 -0.120748 -0.117064 -0.106794 -0.085561 -0.051468 -0.004399 0.054463 0.123076 0.198824 0.288837 0.392600 0.509257 0.637701 0.776627 0.924574 1.090034 1.274119 1.478270 1.704739 1.955972 2.234658 2.543706 2.886137 3.264781 3.681495 4.135192
4.135192 3.689664 3.277534 2.900491 2.557337 2.245786 1.963251 1.707177 1.475172 1.265053 1.074798 0.903243 0.749548 0.605888 0.473796 0.354587 0.249306 0.158667 0.082963 0.014319 -0.044616 -0.091793 -0.126073 -0.147617 -0.158240 -0.162020 -0.158240 -0.147617 -0.126073 -0.091793 -0.044616 0.014319 0.082963 0.158667 0.249306 0.354587 0.473796 0.605888 0.749548 0.903243 1.074798 1.265053 1.475172 1.707177 1.963251 2.245786 2.557337 2.900491 3.277534 3.689664 4.135192
4.135192 3.697804 3.290199 2.914527 2.570224 2.255561 1.968420 1.706635 1.468149 1.251072 1.053646 0.875016 0.714648 0.565420 0.428940 0.306529 0.199155 0.107366 0.031211 -0.037985 -0.097536 -0.145378 -0.180371 -0.202644 -0.213861 -0.217824 -0.213861 -0.202644 -0.180371 -0.145378 -0.097536 -0.037985 0.031211 0.107366 0.199155 0.306529 0.428940 0.565420 0.714648 0.875016 1.053646 1.251072 1.468149 1.706635 1.968420 2.255561 2.570224 2.914527 3.290199 3.697804 4.135192
4.135192 3.705618 3.302235 2.927506 2.581440 2.262873 1.970173 1.701597 1.455457 1.230190 1.024330 0.837373 0.669127 0.513214 0.371329 0.244792 0.134478 0.040757 -0.036575 -0.107084 -0.168023 -0.217278 -0.253649 -0.277151 -0.289253 -0.293505 -0.289253 -0.277151 -0.253649 -0.217278 -0.168023 -0.107084 -0.036575 0.040757 0.134478 0.244792 0.371329 0.513214 0.669127 0.837373 1.024330 1.230190 1.455457 1.701597 1.970173 2.262873 2.581440 2.927506 3.302235 3.705618 4.135192
4.135192 3.712733 3.312944 2.938451 2.589758 2.266237 1.966758 1.690023 1.434738 1.199700 0.983769 0.786830 0.609082 0.444947 0.296218 0.164218 0.049729 -0.047067 -0.126616 -0.199515 -0.262908 -0.314569 -0.353166 -0.378528 -0.391889 -0.396559 -0.391889 -0.378528 -0.353166 -0.314569 -0.262908 -0.199515 -0.126616 -0.047067 0.049729 0.164218 0.296218 0.444947 0.609082 0.786830 0.983769 1.199700 1.434738 1.690023 1.966758 2.266237 2.589758 2.938451 3.312944 3.712733 4.135192
4.135192 3.718698 3.321461 2.946131 2.593597 2.263726 1.955876 1.669201 1.402828 1.155938 0.927742 0.718566 0.529059 0.354521 0.196869 0.057451 -0.063027 -0.164552 -0.247792 -0.324588 -0.391901 -0.447306 -0.489252 -0.517310 -0.532438 -0.537699 -0.532438 -0.517310 -0.489252 -0.447306 -0.391901 -0.324588 -0.247792 -0.164552 -0.063027 0.057451 0.196869 0.354521 0.529059 0.718566 0.927742 1.155938 1.402828 1.669201 1.955876 2.263726 2.593597 2.946131 3.321461 3.718698 4.135192
4.135192 3.722992 3.326767 2.949052 2.591006 2.252910 1.934576 1.635605 1.355545 1.093980 0.850499 0.625920 0.421423 0.233302 0.063652 -0.086092 -0.215252 -0.323930 -0.412978 -0.495817 -0.569111 -0.630127 -0.676982 -0.708907 -0.726523 -0.732622 -0.726523 -0.708907 -0.676982 -0.630127 -0.569111 -0.495817 -0.412978 -0.323930 -0.215252 -0.086092 0.063652 0.233302 0.421423 0.625920 0.850499 1.093980 1.355545 1.635605 1.934576 2.252910 2.591006 2.949052 3.326767 3.722992 4.135192
4.135192 3.725052 3.327718 2.945498 2.579676 2.230847 1.899207 1.584765 1.287478 1.007328 0.744292 0.499741 0.275495 0.069011 -0.117317 -0.281848 -0.423805 -0.543309 -0.641326 -0.733391 -0.815709 -0.885070 -0.939124 -0.976642 -0.997828 -1.005128 -0.997828 -0.976642 -0.939124 -0.885070 -0.815709 -0.733391 -0.641326 -0.543309 -0.423805 -0.281848 -0.117317 0.069011 0.275495 0.499741 0.744292 1.007328 1.287478 1.584765 1.899207 2.230847 2.579676 2.945498 3.327718 3.725052 4.135192
4.135192 3.724313 3.323148 2.933654 2.557086 2.194212 1.845504 1.511301 1.191910 0.887676 0.598939 0.327668 0.076449 -0.155824 -0.366253 -0.552740 -0.714151 -0.850406 -0.962445 -1.068801 -1.164938 -1.246925 -1.311739 -1.357541 -1.383990 -1.393059 -1.383990 -1.357541 -1.311739 -1.246925 -1.164938 -1.068801 -0.962445 -0.850406 -0.714151 -0.552740 -0.366253 -0.155824 0.076449 0.327668 0.598939 0.887676 1.191910 1.511301 1.845504 2.194212 2.557086 2.933654 3.323148 3.724313 4.135192
4.135192 3.720313 3.312055 2.911889 2.520862 2.139723 1.769055 1.409375 1.061218 0.725179 0.401843 0.093747 -0.195663 -0.465688 -0.712611 -0.933419 -1.126059 -1.289687 -1.424792 -1.554391 -1.672648 -1.774490 -1.855958 -1.914439 -1.948915 -1.960669 -1.948915 -1.914439 -1.855958 -1.774490 -1.672648 -1.554391 -1.424792 -1.289687 -1.126059 -0.933419 -0.712611 -0.465688 -0.195663 0.093747 0.401843 0.725179 1.061218 1.409375 1.769055 2.139723 2.520862 2.911889 3.312055 3.720313 4.135192
4.135192 3.712869 3.293973 2.879326 2.469555 2.065155 1.666560 1.274210 0.888599 0.510307 0.139865 -0.219905 -0.564856 -0.892198 -1.197245 -1.475567 -1.723208 -1.937020 -2.115147 -2.286792 -2.443396 -2.578286 -2.686586 -2.765069 -2.812097 -2.828007 -2.812097 -2.765069 -2.686586 -2.578286 -2.443396 -2.286792 -2.115147 -1.937020 -1.723208 -1.475567 -1.197245 -0.892198 -0.564856 -0.219905 0.139865 0.510307 0.888599 1.274210 1.666560 2.065155 2.469555 2.879326 3.293973 3.712869 4.135192
4.135192 3.702380 3.269569 2.836758 2.403947 1.971136 1.538325 1.105514 0.672702 0.239891 -0.193091 -0.623699 -1.047861 -1.461197 -1.859434 -2.238458 -2.594353 -2.923440 -3.222321 -3.487906 -3.717452 -3.908586 -4.059333 -4.168136 -4.233871 -4.255859 -4.233871 -4.168136 -4.059333 -3.908586 -3.717452 -3.487906 -3.222321 -2.923440 -2.594353 -2.238458 -1.859434 -1.461197 -1.047861 -0.623699 -0.193091 0.239891 0.672702 1.105514 1.538325 1.971136 2.403947 2.836758 3.269569 3.702380 4.135192
0.000000 0.000000 0.000000 0.000000 0.000000 0.000000 0.000000 0.000000 0.000000 0.000000 0.000000 -0.000000 -0.014978 -0.027940 -0.038961 -0.047931 -0.054611 -0.058716 -0.060013 -0.058391 -0.053913 -0.046813 -0.037461 -0.026288 -0.013701 0.000000 0.013701 0.026288 0.037461 0.046813 0.053913 0.058391 0.060013 0.058716 0.054611 0.047931 0.038961 0.027940 0.014978 0.000000 0.000000 0.000000 0.000000 0.000000 0.000000 0.000000 0.000000 0.000000 0.000000 0.000000 0.000000
-0.020000 -0.019689 -0.019364 -0.019002 -0.018588 -0.018114 -0.017580 -0.016990 -0.016360 -0.015724 -0.015181 -0.015305 -0.028064 -0.039618 -0.049366 -0.057102 -0.062578 -0.065526 -0.065728 -0.063025 -0.057473 -0.049323 -0.038984 -0.026982 -0.014166 0.000000 0.014166 0.026982 0.038984 0.049323 0.057473 0.063025 0.065728 0.065526 0.062578 0.057102 0.049366 0.039618 0.028064 0.015305 0.015181 0.015724 0.016360 0.016990 0.017580 0.018114 0.018588 0.019002 0.019364 0.019689 0.020000
-0.043000 -0.042331 -0.041633 -0.040854 -0.039964 -0.038946 -0.037797 -0.036529 -0.035174 -0.033806 -0.032629 -0.032642 -0.043130 -0.053069 -0.061353 -0.067671 -0.071764 -0.073382 -0.072328 -0.068382 -0.061596 -0.052240 -0.040772 -0.027831 -0.014702 0.000000 0.014702 0.027831 0.040772 0.052240 0.061596 0.068382 0.072328 0.073382 0.071764 0.067671 0.061353 0.053069 0.043130 0.032642 0.032629 0.033806 0.035174 0.036529 0.037797 0.038946 0.039964 0.040854 0.041633 0.042331 0.043000
-0.069450 -0.068370 -0.067243 -0.065985 -0.064548 -0.062904 -0.061049 -0.059002 -0.056813 -0.054600 -0.052673 -0.052304 -0.060465 -0.068566 -0.075167 -0.079856 -0.082362 -0.082453 -0.079957 -0.074582 -0.066378 -0.055639 -0.042877 -0.028870 -0.015325 0.000000 0.015325 0.028870 0.042877 0.055639 0.066378 0.074582 0.079957 0.082453 0.082362 0.079856 0.075167 0.068566 0.060465 0.052304 0.052673 0.054600 0.056813 0.059002 0.061049 0.062904 0.064548 0.065985 0.067243 0.068370 0.069450
-0.099867 -0.098315 -0.096695 -0.094888 -0.092823 -0.090460 -0.087795 -0.084851 -0.081703 -0.078512 -0.075689 -0.074636 -0.080398 -0.086420 -0.091092 -0.093911 -0.094594 -0.092932 -0.088782 -0.081766 -0.071933 -0.059606 -0.045366 -0.030146 -0.016051 0.000000 0.016051 0.030146 0.045366 0.059606 0.071933 0.081766 0.088782 0.092932 0.094594 0.093911 0.091092 0.086420 0.080398 0.074636 0.075689 0.078512 0.081703 0.084851 0.087795 0.090460 0.092823 0.094888 0.096695 0.098315 0.099867
-0.134848 -0.132753 -0.130568 -0.128131 -0.125344 -0.122157 -0.118561 -0.114589 -0.110336 -0.106011 -0.102108 -0.100038 -0.103309 -0.106993 -0.109458 -0.110130 -0.108723 -0.105050 -0.099003 -0.090103 -0.078398 -0.064250 -0.048319 -0.031715 -0.016905 0.000000 0.016905 0.031715 0.048319 0.064250 0.078398 0.090103 0.099003 0.105050 0.108723 0.110130 0.109458 0.106993 0.103309 0.100038 0.102108 0.106011 0.110336 0.114589 0.118561 0.122157 0.125344 0.128131 0.130568 0.132753 0.134848
-0.175075 -0.172360 -0.169527 -0.166366 -0.162753 -0.158622 -0.153958 -0.148804 -0.143279 -0.137635 -0.132427 -0.128982 -0.129634 -0.130701 -0.130647 -0.128860 -0.125055 -0.119077 -0.110860 -0.099795 -0.085941 -0.069703 -0.051837 -0.033649 -0.017920 0.000000 0.017920 0.033649 0.051837 0.069703 0.085941 0.099795 0.110860 0.119077 0.125055 0.128860 0.130647 0.130701 0.129634 0.128982 0.132427 0.137635 0.143279 0.148804 0.153958 0.158622 0.162753 0.166366 0.169527 0.172360 0.175075
-0.221336 -0.217911 -0.214336 -0.210348 -0.205790 -0.200578 -0.194691 -0.188182 -0.181191 -0.174010 -0.167226 -0.162020 -0.159880 -0.158029 -0.155106 -0.150505 -0.143953 -0.135335 -0.124636 -0.111086 -0.094764 -0.076128 -0.056046 -0.036037 -0.019140 0.000000 0.019140 0.036037 0.056046 0.076128 0.094764 0.111086 0.124636 0.135335 0.143953 0.150505 0.155106 0.158029 0.159880 0.162020 0.167226 0.174010 0.181191 0.188182 0.194691 0.200578 0.205790 0.210348 0.214336 0.217911 0.221336
-0.274536 -0.270300 -0.265878 -0.260946 -0.255309 -0.248861 -0.241577 -0.233514 -0.224834 -0.215859 -0.207179 -0.199801 -0.194642 -0.189539 -0.183360 -0.175543 -0.165847 -0.154207 -0.140674 -0.124275 -0.105118 -0.083730 -0.061107 -0.038991 -0.020624 0.000000 0.020624 0.038991 0.061107 0.083730 0.105118 0.124275 0.140674 0.154207 0.165847 0.175543 0.183360 0.189539 0.194642 0.199801 0.207179 0.215859 0.224834 0.233514 0.241577 0.248861 0.255309 0.260946 0.265878 0.270300 0.274536
-0.335717 -0.330557 -0.325170 -0.319163 -0.312298 -0.304443 -0.295563 -0.285720 -0.275094 -0.264024 -0.253080 -0.243091 -0.234623 -0.225894 -0.216026 -0.204539 -0.191249 -0.176154 -0.159391 -0.139725 -0.117314 -0.092765 -0.067223 -0.042652 -0.022449 0.000000 0.022449 0.042652 0.067223 0.092765 0.117314 0.139725 0.159391 0.176154 0.191249 0.204539 0.216026 0.225894 0.234623 0.243091 0.253080 0.264024 0.275094 0.285720 0.295563 0.304443 0.312298 0.319163 0.325170 0.330557 0.335717
-0.406074 -0.399868 -0.393386 -0.386160 -0.377901 -0.368448 -0.357752 -0.345876 -0.333009 -0.319497 -0.305865 -0.292792 -0.280653 -0.267876 -0.253834 -0.238167 -0.220773 -0.201737 -0.181295 -0.157888 -0.131740 -0.103559 -0.074650 -0.047198 -0.024712 0.000000 0.024712 0.047198 0.074650 0.103559 0.131740 0.157888 0.181295 0.201737 0.220773 0.238167 0.253834 0.267876 0.280653 0.292792 0.305865 0.319497 0.333009 0.345876 0.357752 0.368448 0.377901 0.386160 0.393386 0.399868 0.406074
-0.486985 -0.479598 -0.471880 -0.463278 -0.453446 -0.442187 -0.429432 -0.415238 -0.399795 -0.383442 -0.366651 -0.349980 -0.333731 -0.316421 -0.297660 -0.277239 -0.255166 -0.231637 -0.207013 -0.179325 -0.148885 -0.116522 -0.083714 -0.052850 -0.027532 0.000000 0.027532 0.052850 0.083714 0.116522 0.148885 0.179325 0.207013 0.231637 0.255166 0.277239 0.297660 0.316421 0.333731 0.349980 0.366651 0.383442 0.399795 0.415238 0.429432 0.442187 0.453446 0.463278 0.471880 0.479598 0.486985
-0.580033 -0.571323 -0.562221 -0.552077 -0.540481 -0.527190 -0.512110 -0.495283 -0.476891 -0.457249 -0.436773 -0.415941 -0.395058 -0.372654 -0.348560 -0.322738 -0.295339 -0.266698 -0.237328 -0.204743 -0.169371 -0.132180 -0.094828 -0.059887 -0.031057 0.000000 0.031057 0.059887 0.094828 0.132180 0.169371 0.204743 0.237328 0.266698 0.295339 0.322738 0.348560 0.372654 0.395058 0.415941 0.436773 0.457249 0.476891 0.495283 0.512110 0.527190 0.540481 0.552077 0.562221 0.571323 0.580033
-0.687038 -0.676862 -0.666222 -0.654366 -0.640808 -0.625252 -0.607564 -0.587763 -0.566006 -0.542579 -0.517842 -0.492229 -0.466099 -0.437951 -0.407825 -0.375873 -0.342420 -0.307971 -0.273217 -0.235034 -0.193986 -0.151197 -0.108508 -0.068660 -0.035467 0.000000 0.035467 0.068660 0.108508 0.151197 0.193986 0.235034 0.273217 0.307971 0.342420 0.375873 0.407825 0.437951 0.466099 0.492229 0.517842 0.542579 0.566006 0.587763 0.607564 0.625252 0.640808 0.654366 0.666222 0.676862 0.687038
-0.810094 -0.798314 -0.785990 -0.772258 -0.756544 -0.738485 -0.717899 -0.694762 -0.669196 -0.641445 -0.611819 -0.580741 -0.548652 -0.514011 -0.477057 -0.438150 -0.397820 -0.356778 -0.315921 -0.271333 -0.223735 -0.174422 -0.125414 -0.079610 -0.040987 0.000000 0.040987 0.079610 0.125414 0.174422 0.223735 0.271333 0.315921 0.356778 0.397820 0.438150 0.477057 0.514011 0.548652 0.580741 0.611819 0.641445 0.669196 0.694762 0.717899 0.738485 0.756544 0.772258 0.785990 0.798314 0.810094
-0.951608 -0.938110 -0.923974 -0.908221 -0.890177 -0.869396 -0.845627 -0.818788 -0.788949 -0.756303 -0.721115 -0.683819 -0.644958 -0.602962 -0.558270 -0.511471 -0.463331 -0.414804 -0.367023 -0.315093 -0.259905 -0.202934 -0.146380 -0.093306 -0.047901 0.000000 0.047901 0.093306 0.146380 0.202934 0.259905 0.315093 0.367023 0.414804 0.463331 0.511471 0.558270 0.602962 0.644958 0.683819 0.721115 0.756303 0.788949 0.818788 0.845627 0.869396 0.890177 0.908221 0.923974 0.938110 0.951608
-1.114349 -1.099061 -1.083032 -1.065159 -1.044654 -1.020972 -0.993769 -0.962884 -0.928315 -0.890192 -0.848733 -0.804399 -0.757847 -0.707512 -0.654041 -0.598277 -0.541262 -0.484225 -0.428567 -0.368185 -0.304151 -0.238123 -0.172484 -0.110479 -0.056577 0.000000 0.056577 0.110479 0.172484 0.238123 0.304151 0.368185 0.428567 0.484225 0.541262 0.598277 0.654041 0.707512 0.757847 0.804399 0.848733 0.890192 0.928315 0.962884 0.993769 1.020972 1.044654 1.065159 1.083032 1.099061 1.114349
-1.301502 -1.284430 -1.266504 -1.246494 -1.223483 -1.196804 -1.165996 -1.130787 -1.091077 -1.046916 -0.998468 -0.946222 -0.890958 -0.831166 -0.767726 -0.701765 -0.634638 -0.567894 -0.503230 -0.433061 -0.358636 -0.281804 -0.205138 -0.132100 -0.067500 0.000000 0.067500 0.132100 0.205138 0.281804 0.358636 0.433061 0.503230 0.567894 0.634638 0.701765 0.767726 0.831166 0.890958 0.946222 0.998468 1.046916 1.091077 1.130787 1.165996 1.196804 1.223483 1.246494 1.266504 1.284430 1.301502
-1.516727 -1.498008 -1.478312 -1.456283 -1.430866 -1.401245 -1.366808 -1.327136 -1.281994 -1.231323 -1.175205 -1.114152 -1.049069 -0.978570 -0.903799 -0.826208 -0.747515 -0.669631 -0.594591 -0.512987 -0.426242 -0.336398 -0.246236 -0.159473 -0.081326 0.000000 0.081326 0.159473 0.246236 0.336398 0.426242 0.512987 0.594591 0.669631 0.747515 0.826208 0.903799 0.978570 1.049069 1.114152 1.175205 1.231323 1.281994 1.327136 1.366808 1.401245 1.430866 1.456283 1.478312 1.498008 1.516727
-1.764236 -1.744203 -1.723065 -1.699354 -1.671866 -1.639612 -1.601788 -1.557778 -1.507157 -1.449703 -1.385374 -1.314671 -1.238620 -1.156046 -1.068392 -0.977490 -0.885480 -0.794701 -0.707576 -0.612458 -0.510932 -0.405238 -0.298394 -0.194409 -0.098962 0.000000 0.098962 0.194409 0.298394 0.405238 0.510932 0.612458 0.707576 0.794701 0.885480 0.977490 1.068392 1.156046 1.238620 1.314671 1.385374 1.449703 1.507157 1.557778 1.601788 1.639612 1.671866 1.699354 1.723065 1.744203 1.764236
-2.048871 -2.028145 -2.006195 -1.981467 -1.952614 -1.918449 -1.877931 -1.830179 -1.774497 -1.710410 -1.637664 -1.556685 -1.468589 -1.372505 -1.270219 -1.164013 -1.056534 -0.950639 -0.849230 -0.737894 -0.618366 -0.493094 -0.365357 -0.239505 -0.121712 0.000000 0.121712 0.239505 0.365357 0.493094 0.618366 0.737894 0.849230 0.950639 1.056534 1.164013 1.270219 1.372505 1.468589 1.556685 1.637664 1.710410 1.774497 1.830179 1.877931 1.918449 1.952614 1.981467 2.006195 2.028145 2.048871
-2.376202 -2.355795 -2.334084 -2.309480 -2.280522 -2.245823 -2.204061 -2.154002 -2.094553 -2.024833 -1.944217 -1.852911 -1.752029 -1.641095 -1.522276 -1.398390 -1.272722 -1.148799 -1.030160 -0.898946 -0.757033 -0.607098 -0.452724 -0.298636 -0.151518 0.000000 0.151518 0.298636 0.452724 0.607098 0.757033 0.898946 1.030160 1.148799 1.272722 1.398390 1.522276 1.641095 1.752029 1.852911 1.944217 2.024833 2.094553 2.154002 2.204061 2.245823 2.280522 2.309480 2.334084 2.355795 2.376202
-2.752632 -2.734048 -2.714167 -2.691470 -2.664459 -2.631597 -2.591272 -2.541815 -2.481558 -2.408952 -2.322680 -2.222406 -2.109008 -1.982435 -1.845232 -1.700859 -1.553443 -1.407457 -1.267383 -1.111015 -0.940395 -0.758491 -0.569260 -0.377850 -0.191404 0.000000 0.191404 0.377850 0.569260 0.758491 0.940395 1.111015 1.267383 1.407457 1.553443 1.700859 1.845232 1.982435 2.109008 2.222406 2.322680 2.408952 2.481558 2.541815 2.591272 2.631597 2.664459 2.691470 2.714167 2.734048 2.752632
-3.185527 -3.170789 -3.154929 -3.136671 -3.114664 -3.087391 -3.053089 -3.009681 -2.954773 -2.885737 -2.799885 -2.695518 -2.572688 -2.431586 -2.274986 -2.107030 -1.932965 -1.758747 -1.590501 -1.400481 -1.191102 -0.965863 -0.729264 -0.486908 -0.246214 0.000000 0.246214 0.486908 0.729264 0.965863 1.191102 1.400481 1.590501 1.758747 1.932965 2.107030 2.274986 2.431586 2.572688 2.695518 2.799885 2.885737 2.954773 3.009681 3.053089 3.087391 3.114664 3.136671 3.154929 3.170789 3.185527
-3.683355 -3.674854 -3.665658 -3.654993 -3.641981 -3.625550 -3.604295 -3.576293 -3.538838 -3.488100 -3.418675 -3.324487 -3.203297 -3.054961 -2.881888 -2.688384 -2.480642 -2.266728 -2.056290 -1.815571 -1.548660 -1.260345 -0.955930 -0.641308 -0.323517 0.000000 0.323517 0.641308 0.955930 1.260345 1.548660 1.815571 2.056290 2.266728 2.480642 2.688384 2.881888 3.054961 3.203297 3.324487 3.418675 3.488100 3.538838 3.576293 3.604295 3.625550 3.641981 3.654993 3.665658 3.674854 3.683355
-4.255859 -4.255859 -4.255859 -4.255859 -4.255859 -4.255859 -4.255859 -4.255859 -4.255859 -4.255859 -4.251476 -4.209909 -4.124842 -3.997154 -3.828164 -3.619619 -3.373673 -3.092867 -2.780104 -2.438615 -2.071928 -1.683832 -1.278338 -0.859635 -0.432050 0.000000 0.432050 0.859635 1.278338 1.683832 2.071928 2.438615 2.780104 3.092867 3.373673 3.619619 3.828164 3.997154 4.124842 4.209909 4.251476 4.255859 4.255859 4.255859 4.255859 4.255859 4.255859 4.255859 4.255859 4.255859 4.255859
