26 51
4.135192 3.614289 3.161330 2.767453 2.424951 2.127124 1.868143 1.642943 1.447116 1.276832 1.128759 1.000000 0.888036 0.777479 0.669721 0.566116 0.467968 0.376510 0.292893 0.218169 0.153276 0.099031 0.056117 0.025072 0.006288 0.000000 0.006288 0.025072 0.056117 0.099031 0.153276 0.218169 0.292893 0.376510 0.467968 0.566116 0.669721 0.777479 0.888036 1.000000 1.128759 1.276832 1.447116 1.642943 1.868143 2.127124 2.424951 2.767453 3.161330 3.614289 4.135192
4.135192 3.632213 3.193048 2.809312 2.473662 2.179712 1.921916 1.695453 1.496116 1.320193 1.164302 1.025113 0.898682 0.779279 0.665718 0.558200 0.457418 0.364240 0.279580 0.204321 0.139279 0.085171 0.042587 0.011972 -0.006413 -0.012518 -0.006413 0.011972 0.042587 0.085171 0.139279 0.204321 0.279580 0.364240 0.457418 0.558200 0.665718 0.779279 0.898682 1.025113 1.164302 1.320193 1.496116 1.695453 1.921916 2.179712 2.473662 2.809312 3.193048 3.632213 4.135192
4.135192 3.648743 3.221862 2.846684 2.516300 2.224709 1.966716 1.737814 1.534068 1.351981 1.188342 1.040037 0.903864 0.776784 0.657530 0.545886 0.442174 0.346981 0.261007 0.184973 0.119563 0.065379 0.022908 -0.007516 -0.025742 -0.031796 -0.025742 -0.007516 0.022908 0.065379 0.119563 0.184973 0.261007 0.346981 0.442174 0.545886 0.657530 0.776784 0.903864 1.040037 1.188342 1.351981 1.534068 1.737814 1.966716 2.224709 2.516300 2.846684 3.221862 3.648743 4.135192
4.135192 3.663891 3.247855 2.879793 2.553298 2.262818 2.003566 1.771400 1.562713 1.374310 1.203293 1.046974 0.902878 0.769012 0.644325 0.528492 0.421643 0.324174 0.236613 0.159535 0.093494 0.038979 -0.003633 -0.034103 -0.052353 -0.058421 -0.052353 -0.034103 -0.003633 0.038979 0.093494 0.159535 0.236613 0.324174 0.421643 0.528492 0.644325 0.769012 0.902878 1.046974 1.203293 1.374310 1.562713 1.771400 2.003566 2.262818 2.553298 2.879793 3.247855 3.663891 4.135192
4.135192 3.677676 3.271117 2.908856 2.585046 2.294632 2.033273 1.797228 1.583251 1.388489 1.210410 1.046756 0.895594 0.755466 0.625529 0.505456 0.395284 0.295284 0.205852 0.127437 0.060477 0.005352 -0.037657 -0.068388 -0.086800 -0.092928 -0.086800 -0.068388 -0.037657 0.005352 0.060477 0.127437 0.205852 0.295284 0.395284 0.505456 0.625529 0.755466 0.895594 1.046756 1.210410 1.388489 1.583251 1.797228 2.033273 2.294632 2.585046 2.908856 3.271117 3.677676 4.135192
4.135192 3.690122 3.291740 2.934075 2.611885 2.320643 2.056474 1.816052 1.596508 1.395347 1.210394 1.039777 0.881964 0.735834 0.600710 0.476301 0.362602 0.259801 0.168197 0.088133 0.019947 -0.036075 -0.079731 -0.110914 -0.129604 -0.135827 -0.129604 -0.110914 -0.079731 -0.036075 0.019947 0.088133 0.168197 0.259801 0.362602 0.476301 0.600710 0.735834 0.881964 1.039777 1.210394 1.395347 1.596508 1.816052 2.056474 2.320643 2.611885 2.934075 3.291740 3.690122 4.135192
4.135192 3.701256 3.309816 2.955640 2.634115 2.341256 2.073664 1.828431 1.603064 1.395415 1.203649 1.026226 0.861923 0.709860 0.569499 0.440594 0.323126 0.217230 0.123129 0.041087 -0.028643 -0.085852 -0.130397 -0.162211 -0.181284 -0.187638 -0.181284 -0.162211 -0.130397 -0.085852 -0.028643 0.041087 0.123129 0.217230 0.323126 0.440594 0.569499 0.709860 0.861923 1.026226 1.203649 1.395415 1.603064 1.828431 2.073664 2.341256 2.634115 2.955640 3.309816 3.701256 4.135192
4.135192 3.711107 3.325436 2.973723 2.651991 2.356805 2.085233 1.834780 1.603318 1.389034 1.190403 1.006171 0.835367 0.677300 0.531550 0.397921 0.276394 0.167073 0.070128 -0.014241 -0.085845 -0.144533 -0.190207 -0.222824 -0.242384 -0.248900 -0.242384 -0.222824 -0.190207 -0.144533 -0.085845 -0.014241 0.070128 0.167073 0.276394 0.397921 0.531550 0.677300 0.835367 1.006171 1.190403 1.389034 1.603318 1.834780 2.085233 2.356805 2.651991 2.973723 3.325436 3.711107 4.135192
4.135192 3.719709 3.338688 2.988477 2.665736 2.367561 2.091483 1.835404 1.597547 1.376415 1.170764 0.979596 0.802148 0.637892 0.486510 0.347860 0.221935 0.108820 0.008654 -0.078411 -0.152231 -0.212697 -0.259741 -0.293337 -0.313486 -0.320200 -0.313486 -0.293337 -0.259741 -0.212697 -0.152231 -0.078411 0.008654 0.108820 0.221935 0.347860 0.486510 0.637892 0.802148 0.979596 1.170764 1.376415 1.597547 1.835404 2.091483 2.367561 2.665736 2.988477 3.338688 3.719709 4.135192
4.135192 3.727091 3.349655 3.000044 2.675536 2.373748 2.092650 1.830528 1.585937 1.357676 1.144763 0.946422 0.762081 0.591351 0.434011 0.289973 0.159253 0.041935 -0.061863 -0.152016 -0.228411 -0.290966 -0.339630 -0.374384 -0.395230 -0.402178 -0.395230 -0.374384 -0.339630 -0.290966 -0.228411 -0.152016 -0.061863 0.041935 0.159253 0.289973 0.434011 0.591351 0.762081 0.946422 1.144763 1.357676 1.585937 1.830528 2.092650 2.373748 2.675536 3.000044 3.349655 3.727091 4.135192
4.135192 3.733284 3.358413 3.008546 2.681555 2.375548 2.088919 1.820314 1.568606 1.332870 1.112365 0.906523 0.714940 0.537360 0.373653 0.223792 0.087824 -0.034156 -0.142036 -0.235701 -0.315055 -0.380025 -0.430570 -0.466673 -0.488331 -0.495550 -0.488331 -0.466673 -0.430570 -0.380025 -0.315055 -0.235701 -0.142036 -0.034156 0.087824 0.223792 0.373653 0.537360 0.714940 0.906523 1.112365 1.332870 1.568606 1.820314 2.088919 2.375548 2.681555 3.008546 3.358413 3.733284 4.135192
4.135192 3.738316 3.365034 3.014095 2.683930 2.373113 2.080432 1.804878 1.545621 1.301997 1.073492 0.859730 0.660467 0.475571 0.305006 0.148813 0.007079 -0.120078 -0.232535 -0.330173 -0.412897 -0.480635 -0.533343 -0.570997 -0.593590 -0.601120 -0.593590 -0.570997 -0.533343 -0.480635 -0.412897 -0.330173 -0.232535 -0.120078 0.007079 0.148813 0.305006 0.475571 0.660467 0.859730 1.073492 1.301997 1.545621 1.804878 2.080432 2.373113 2.683930 3.014095 3.365034 3.738316 4.135192
4.135192 3.742214 3.369585 3.016791 2.682783 2.366568 2.067304 1.784302 1.517016 1.265026 1.028032 0.805843 0.598368 0.405601 0.227603 0.064488 -0.083602 -0.216513 -0.334095 -0.436214 -0.522760 -0.593649 -0.648825 -0.688252 -0.711914 -0.719802 -0.711914 -0.688252 -0.648825 -0.593649 -0.522760 -0.436214 -0.334095 -0.216513 -0.083602 0.064488 0.227603 0.405601 0.598368 0.805843 1.028032 1.265026 1.517016 1.784302 2.067304 2.366568 2.682783 3.016791 3.369585 3.742214 4.135192
4.135192 3.744999 3.372125 3.016723 2.678221 2.356023 2.049627 1.758647 1.482798 1.221897 0.975847 0.744636 0.528325 0.327035 0.140936 -0.029777 -0.184894 -0.324211 -0.447535 -0.554700 -0.645567 -0.720031 -0.778012 -0.819458 -0.844337 -0.852632 -0.844337 -0.819458 -0.778012 -0.720031 -0.645567 -0.554700 -0.447535 -0.324211 -0.184894 -0.029777 0.140936 0.327035 0.528325 0.744636 0.975847 1.221897 1.482798 1.758647 2.049627 2.356023 2.678221 3.016723 3.372125 3.744999 4.135192
4.135192 3.746694 3.372710 3.013974 2.670341 2.341575 2.027485 1.727961 1.442967 1.172541 0.916785 0.675864 0.449992 0.239429 0.044456 -0.134632 -0.297543 -0.444003 -0.573764 -0.686610 -0.782360 -0.860873 -0.922038 -0.965777 -0.992041 -1.000798 -0.992041 -0.965777 -0.922038 -0.860873 -0.782360 -0.686610 -0.573764 -0.444003 -0.297543 -0.134632 0.044456 0.239429 0.449992 0.675864 0.916785 1.172541 1.442967 1.727961 2.027485 2.341575 2.670341 3.013974 3.372710 3.746694 4.135192
4.135192 3.747319 3.371391 3.008621 2.659238 2.323320 2.000958 1.692293 1.397521 1.116888 0.850693 0.599274 0.363011 0.142305 -0.062429 -0.250783 -0.422365 -0.576813 -0.713802 -0.833050 -0.934320 -1.017420 -1.082198 -1.128543 -1.156380 -1.165664 -1.156380 -1.128543 -1.082198 -1.017420 -0.934320 -0.833050 -0.713802 -0.576813 -0.422365 -0.250783 -0.062429 0.142305 0.363011 0.599274 0.850693 1.116888 1.397521 1.692293 2.000958 2.323320 2.659238 3.008621 3.371391 3.747319 4.135192
4.135192 3.746892 3.368219 3.000742 2.645004 2.301358 1.970137 1.651708 1.346475 1.054885 0.777426 0.514617 0.267009 0.035165 -0.180353 -0.379000 -0.560262 -0.723667 -0.868793 -0.995273 -1.102793 -1.191097 -1.259981 -1.309290 -1.338917 -1.348800 -1.338917 -1.309290 -1.259981 -1.191097 -1.102793 -0.995273 -0.868793 -0.723667 -0.560262 -0.379000 -0.180353 0.035165 0.267009 0.514617 0.777426 1.054885 1.346475 1.651708 1.970137 2.301358 2.645004 3.000742 3.368219 3.746892 4.135192
4.135192 3.745433 3.363244 2.990416 2.627745 2.275806 1.935137 1.606297 1.289877 0.986509 0.696867 0.421658 0.161617 -0.082512 -0.309993 -0.520120 -0.712229 -0.885714 -1.040029 -1.174699 -1.289316 -1.383541 -1.457101 -1.509790 -1.541461 -1.552027 -1.541461 -1.509790 -1.457101 -1.383541 -1.289316 -1.174699 -1.040029 -0.885714 -0.712229 -0.520120 -0.309993 -0.082512 0.161617 0.421658 0.696867 0.986509 1.289877 1.606297 1.935137 2.275806 2.627745 2.990416 3.363244 3.745433 4.135192
4.135192 3.742967 3.356521 2.977732 2.607578 2.246805 1.896109 1.556200 1.227828 0.911793 0.608949 0.320198 0.046480 -0.211253 -0.452063 -0.675049 -0.879365 -1.064238 -1.228972 -1.372954 -1.495657 -1.596641 -1.675548 -1.732104 -1.766115 -1.777465 -1.766115 -1.732104 -1.675548 -1.596641 -1.495657 -1.372954 -1.228972 -1.064238 -0.879365 -0.675049 -0.452063 -0.211253 0.046480 0.320198 0.608949 0.911793 1.227828 1.556200 1.896109 2.246805 2.607578 2.977732 3.356521 3.742967 4.135192
4.135192 3.739523 3.348113 2.962794 2.584649 2.214537 1.853258 1.501626 1.160508 0.830848 0.513675 0.210094 -0.078725 -0.351589 -0.607316 -0.844770 -1.062887 -1.260685 -1.437282 -1.591897 -1.723856 -1.832590 -1.917636 -1.978637 -2.015338 -2.027589 -2.015338 -1.978637 -1.917636 -1.832590 -1.723856 -1.591897 -1.437282 -1.260685 -1.062887 -0.844770 -0.607316 -0.351589 -0.078725 0.210094 0.513675 0.830848 1.160508 1.501626 1.853258 2.214537 2.584649 2.962794 3.348113 3.739523 4.135192
4.135192 3.735145 3.338102 2.945731 2.559143 2.179240 1.806864 1.442873 1.088201 0.743900 0.411155 0.091290 -0.214265 -0.504029 -0.776529 -1.030344 -1.264138 -1.476679 -1.666854 -1.833673 -1.976279 -2.093944 -2.186075 -2.252211 -2.292024 -2.305317 -2.292024 -2.252211 -2.186075 -2.093944 -1.976279 -1.833673 -1.666854 -1.476679 -1.264138 -1.030344 -0.776529 -0.504029 -0.214265 0.091290 0.411155 0.743900 1.088201 1.442873 1.806864 2.179240 2.559143 2.945731 3.338102 3.735145 4.135192
4.135192 3.729890 3.326594 2.926713 2.531296 2.141219 1.757295 1.380355 1.011330 0.651321 0.301646 -0.036147 -0.360320 -0.669048 -0.960500 -1.232909 -1.484608 -1.714057 -1.919857 -2.100762 -2.255684 -2.383702 -2.484059 -2.556163 -2.599594 -2.614100 -2.599594 -2.556163 -2.484059 -2.383702 -2.255684 -2.100762 -1.919857 -1.714057 -1.484608 -1.232909 -0.960500 -0.669048 -0.360320 -0.036147 0.301646 0.651321 1.011330 1.380355 1.757295 2.141219 2.531296 2.926713 3.326594 3.729890 4.135192
4.135192 3.723844 3.313737 2.905960 2.501415 2.100870 1.705030 1.314619 0.930480 0.553677 0.185594 -0.171983 -0.516949 -0.847053 -1.160029 -1.453684 -1.725948 -1.974899 -2.198788 -2.396048 -2.565311 -2.705406 -2.815373 -2.894460 -2.942128 -2.958053 -2.942128 -2.894460 -2.815373 -2.705406 -2.565311 -2.396048 -2.198788 -1.974899 -1.725948 -1.453684 -1.160029 -0.847053 -0.516949 -0.171983 0.185594 0.553677 0.930480 1.314619 1.705030 2.100870 2.501415 2.905960 3.313737 3.723844 4.135192
4.135192 3.717123 3.299738 2.883771 2.469893 2.058680 1.650654 1.246352 0.846427 0.451770 0.063700 -0.315757 -0.684036 -1.038349 -1.375895 -1.693962 -1.989982 -2.261565 -2.506527 -2.722906 -2.908977 -3.063262 -3.184539 -3.271854 -3.324518 -3.342119 -3.324518 -3.271854 -3.184539 -3.063262 -2.908977 -2.722906 -2.506527 -2.261565 -1.989982 -1.693962 -1.375895 -1.038349 -0.684036 -0.315757 0.063700 0.451770 0.846427 1.246352 1.650654 2.058680 2.469893 2.883771 3.299738 3.717123 4.135192
4.135192 3.709894 3.284886 2.860540 2.437215 2.015225 1.594844 1.176359 0.760132 0.346696 -0.063012 -0.466712 -0.861229 -1.243088 -1.608826 -1.955094 -2.278718 -2.576732 -2.846413 -3.085300 -3.291218 -3.462300 -3.596995 -3.694083 -3.752690 -3.772284 -3.752690 -3.694083 -3.596995 -3.462300 -3.291218 -3.085300 -2.846413 -2.576732 -2.278718 -1.955094 -1.608826 -1.243088 -0.861229 -0.466712 -0.063012 0.346696 0.760132 1.176359 1.594844 2.015225 2.437215 2.860540 3.284886 3.709894 4.135192
4.135192 3.702380 3.269569 2.836758 2.403947 1.971136 1.538325 1.105514 0.672702 0.239891 -0.193091 -0.623699 -1.047861 -1.461197 -1.859434 -2.238458 -2.594353 -2.923440 -3.222321 -3.487906 -3.717452 -3.908586 -4.059333 -4.168136 -4.233871 -4.255859 -4.233871 -4.168136 -4.059333 -3.908586 -3.717452 -3.487906 -3.222321 -2.923440 -2.594353 -2.238458 -1.859434 -1.461197 -1.047861 -0.623699 -0.193091 0.239891 0.672702 1.105514 1.538325 1.971136 2.403947 2.836758 3.269569 3.702380 4.135192
0.000000 0.000000 0.000000 0.000000 0.000000 0.000000 0.000000 0.000000 0.000000 0.000000 0.000000 -0.000000 -0.014978 -0.027940 -0.038961 -0.047931 -0.054611 -0.058716 -0.060013 -0.058391 -0.053913 -0.046813 -0.037461 -0.026288 -0.013701 0.000000 0.013701 0.026288 0.037461 0.046813 0.053913 0.058391 0.060013 0.058716 0.054611 0.047931 0.038961 0.027940 0.014978 0.000000 0.000000 0.000000 0.000000 0.000000 0.000000 0.000000 0.000000 0.000000 0.000000 0.000000 0.000000
-0.020000 -0.067372 -0.089044 -0.102309 -0.110910 -0.116391 -0.119583 -0.121020 -0.121113 -0.120269 -0.119079 -0.118816 -0.123100 -0.127318 -0.130042 -0.130688 -0.128915 -0.124477 -0.117216 -0.107095 -0.094212 -0.078811 -0.061247 -0.041947 -0.021366 -0.000000 0.021366 0.041947 0.061247 0.078811 0.094212 0.107095 0.117216 0.124477 0.128915 0.130688 0.130042 0.127318 0.123100 0.118816 0.119079 0.120269 0.121113 0.121020 0.119583 0.116391 0.110910 0.102309 0.089044 0.067372 0.020000
-0.043000 -0.135306 -0.178529 -0.205053 -0.222275 -0.233263 -0.239668 -0.242543 -0.242669 -0.240738 -0.237518 -0.234002 -0.231273 -0.227793 -0.222562 -0.215026 -0.204864 -0.191890 -0.176020 -0.157284 -0.135829 -0.111921 -0.085924 -0.058274 -0.029455 -0.000000 0.029455 0.058274 0.085924 0.111921 0.135829 0.157284 0.176020 0.191890 0.204864 0.215026 0.222562 0.227793 0.231273 0.234002 0.237518 0.240738 0.242669 0.242543 0.239668 0.233263 0.222275 0.205053 0.178529 0.135306 0.043000
-0.069450 -0.204379 -0.268925 -0.308681 -0.334546 -0.351074 -0.360718 -0.365026 -0.365108 -0.361869 -0.356133 -0.348669 -0.339955 -0.329449 -0.316602 -0.301044 -0.282559 -0.261045 -0.236503 -0.209033 -0.178835 -0.146210 -0.111542 -0.075283 -0.037925 -0.000000 0.037925 0.075283 0.111542 0.146210 0.178835 0.209033 0.236503 0.261045 0.282559 0.301044 0.316602 0.329449 0.339955 0.348669 0.356133 0.361869 0.365108 0.365026 0.360718 0.351074 0.334546 0.308681 0.268925 0.204379 0.069450
-0.099867 -0.275187 -0.360733 -0.413663 -0.448178 -0.470272 -0.483174 -0.488904 -0.488875 -0.484169 -0.475670 -0.464067 -0.449741 -0.432578 -0.412354 -0.388901 -0.362134 -0.332060 -0.298766 -0.262427 -0.223304 -0.181738 -0.138143 -0.092983 -0.046761 -0.000000 0.046761 0.092983 0.138143 0.181738 0.223304 0.262427 0.298766 0.332060 0.362134 0.388901 0.412354 0.432578 0.449741 0.464067 0.475670 0.484169 0.488875 0.488904 0.483174 0.470272 0.448178 0.413663 0.360733 0.275187 0.099867
-0.134848 -0.348355 -0.454483 -0.520485 -0.563636 -0.591307 -0.607475 -0.614611 -0.614413 -0.608135 -0.596740 -0.580938 -0.561159 -0.537534 -0.510079 -0.478805 -0.443767 -0.405083 -0.362934 -0.317573 -0.269323 -0.218574 -0.165769 -0.111395 -0.055963 -0.000000 0.055963 0.111395 0.165769 0.218574 0.269323 0.317573 0.362934 0.405083 0.443767 0.478805 0.510079 0.537534 0.561159 0.580938 0.596740 0.608135 0.614413 0.614611 0.607475 0.591307 0.563636 0.520485 0.454483 0.348355 0.134848
-0.175075 -0.424542 -0.550744 -0.629660 -0.681399 -0.714635 -0.734061 -0.742581 -0.742167 -0.734245 -0.719879 -0.699851 -0.674687 -0.644697 -0.610081 -0.571010 -0.527674 -0.480299 -0.429164 -0.374601 -0.316999 -0.256797 -0.194476 -0.130549 -0.065545 -0.000000 0.065545 0.130549 0.194476 0.256797 0.316999 0.374601 0.429164 0.480299 0.527674 0.571010 0.610081 0.644697 0.674687 0.699851 0.719879 0.734245 0.742167 0.742581 0.734061 0.714635 0.681399 0.629660 0.550744 0.424542 0.175075
-0.221336 -0.504446 -0.650120 -0.741735 -0.801972 -0.840732 -0.863389 -0.873264 -0.872592 -0.862972 -0.845585 -0.821311 -0.790785 -0.754464 -0.712703 -0.665815 -0.614113 -0.557934 -0.497650 -0.433675 -0.366463 -0.296510 -0.224338 -0.150491 -0.075526 -0.000000 0.075526 0.150491 0.224338 0.296510 0.366463 0.433675 0.497650 0.557934 0.614113 0.665815 0.712703 0.754464 0.790785 0.821311 0.845585 0.862972 0.872592 0.873264 0.863389 0.840732 0.801972 0.741735 0.650120 0.504446 0.221336
-0.274536 -0.588823 -0.753267 -0.857292 -0.925889 -0.970097 -0.995937 -1.007125 -1.006154 -0.994794 -0.974349 -0.945805 -0.909912 -0.867256 -0.818324 -0.763558 -0.703387 -0.638254 -0.568623 -0.494989 -0.417878 -0.337840 -0.255446 -0.171282 -0.085936 -0.000000 0.085936 0.171282 0.255446 0.337840 0.417878 0.494989 0.568623 0.638254 0.703387 0.763558 0.818324 0.867256 0.909912 0.945805 0.974349 0.994794 1.006154 1.007125 0.995937 0.970097 0.925889 0.857292 0.753267 0.588823 0.274536
-0.335717 -0.678502 -0.860895 -0.976962 -1.053720 -1.103260 -1.132208 -1.144657 -1.143344 -1.130206 -1.106672 -1.073834 -1.032551 -0.983526 -0.927365 -0.864625 -0.795847 -0.721572 -0.642359 -0.558782 -0.471439 -0.380943 -0.287918 -0.192998 -0.096814 -0.000000 0.096814 0.192998 0.287918 0.380943 0.471439 0.558782 0.642359 0.721572 0.795847 0.864625 0.927365 0.983526 1.032551 1.073834 1.106672 1.130206 1.143344 1.144657 1.132208 1.103260 1.053720 0.976962 0.860895 0.678502 0.335717
-0.406074 -0.774400 -0.973787 -1.101429 -1.186083 -1.240788 -1.272738 -1.286379 -1.284678 -1.269728 -1.243078 -1.205920 -1.159214 -1.103766 -1.040291 -0.969452 -0.891893 -0.808254 -0.719182 -0.625335 -0.527384 -0.426009 -0.321897 -0.215735 -0.108208 -0.000000 0.108208 0.215735 0.321897 0.426009 0.527384 0.625335 0.719182 0.808254 0.891893 0.969452 1.040291 1.103766 1.159214 1.205920 1.243078 1.269728 1.284678 1.286379 1.272738 1.240788 1.186083 1.101429 0.973787 0.774400 0.406074
-0.486985 -0.877552 -1.092810 -1.231446 -1.323645 -1.383291 -1.418099 -1.432842 -1.430701 -1.413911 -1.384123 -1.342622 -1.290454 -1.228518 -1.157625 -1.078535 -0.991990 -0.898724 -0.799473 -0.694980 -0.585994 -0.473268 -0.357556 -0.239609 -0.120175 -0.000000 0.120175 0.239609 0.357556 0.473268 0.585994 0.694980 0.799473 0.898724 0.991990 1.078535 1.157625 1.228518 1.290454 1.342622 1.384123 1.413911 1.430701 1.432842 1.418099 1.383291 1.323645 1.231446 1.092810 0.877552 0.486985
-0.580033 -0.989138 -1.218935 -1.367843 -1.467132 -1.531422 -1.568897 -1.584631 -1.581992 -1.563336 -1.530403 -1.484544 -1.426879 -1.358384 -1.279952 -1.192437 -1.096669 -0.993473 -0.883678 -0.768111 -0.647605 -0.522992 -0.395101 -0.264759 -0.132786 -0.000000 0.132786 0.264759 0.395101 0.522992 0.647605 0.768111 0.883678 0.993473 1.096669 1.192437 1.279952 1.358384 1.426879 1.484544 1.530403 1.563336 1.581992 1.584631 1.568897 1.531422 1.467132 1.367843 1.218935 0.989138 0.580033
-0.687038 -1.110519 -1.353259 -1.511538 -1.617337 -1.685883 -1.725776 -1.742358 -1.739158 -1.718625 -1.682553 -1.632340 -1.569155 -1.494031 -1.407935 -1.311798 -1.206539 -1.093073 -0.972316 -0.845189 -0.712612 -0.575503 -0.434780 -0.291352 -0.146125 -0.000000 0.146125 0.291352 0.434780 0.575503 0.712612 0.845189 0.972316 1.093073 1.206539 1.311798 1.407935 1.494031 1.569155 1.632340 1.682553 1.718625 1.739158 1.742358 1.725776 1.685883 1.617337 1.511538 1.353259 1.110519 0.687038
-0.810094 -1.243280 -1.497035 -1.663561 -1.775123 -1.847419 -1.889408 -1.906661 -1.902834 -1.880428 -1.841256 -1.786723 -1.718017 -1.636210 -1.542322 -1.437355 -1.322308 -1.198186 -1.065997 -0.926757 -0.781481 -0.631186 -0.476885 -0.319586 -0.160291 -0.000000 0.160291 0.319586 0.476885 0.631186 0.781481 0.926757 1.065997 1.198186 1.322308 1.437355 1.542322 1.636210 1.718017 1.786723 1.841256 1.880428 1.902834 1.906661 1.889408 1.847419 1.775123 1.663561 1.497035 1.243280 0.810094
-0.951608 -1.389279 -1.651700 -1.825056 -1.941424 -2.016817 -2.060486 -2.078192 -2.073671 -2.049429 -2.007238 -1.948468 -1.874282 -1.785762 -1.683965 -1.569950 -1.444793 -1.309586 -1.165434 -1.013454 -0.854767 -0.690497 -0.521768 -0.349698 -0.175405 -0.000000 0.175405 0.349698 0.521768 0.690497 0.854767 1.013454 1.165434 1.309586 1.444793 1.569950 1.683965 1.785762 1.874282 1.948468 2.007238 2.049429 2.073671 2.078192 2.060486 2.016817 1.941424 1.825056 1.651700 1.389279 0.951608
-1.114349 -1.550708 -1.818912 -1.997308 -2.117249 -2.194889 -2.239702 -2.257591 -2.252318 -2.226324 -2.181271 -2.118419 -2.038858 -1.943643 -1.833842 -1.710562 -1.574948 -1.428182 -1.271470 -1.106038 -0.933125 -0.753977 -0.569843 -0.381971 -0.191608 -0.000000 0.191608 0.381971 0.569843 0.753977 0.933125 1.106038 1.271470 1.428182 1.574948 1.710562 1.833842 1.943643 2.038858 2.118419 2.181271 2.226324 2.252318 2.257591 2.239702 2.194889 2.117249 1.997308 1.818912 1.550708 1.114349
-1.301502 -1.730151 -2.000588 -2.181742 -2.303662 -2.382447 -2.427716 -2.445459 -2.439398 -2.411816 -2.364162 -2.297494 -2.212760 -2.110936 -1.993078 -1.860326 -1.713891 -1.555045 -1.385103 -1.205411 -1.017341 -0.822276 -0.621611 -0.416743 -0.209072 -0.000000 0.209072 0.416743 0.621611 0.822276 1.017341 1.205411 1.385103 1.555045 1.713891 1.860326 1.993078 2.110936 2.212760 2.297494 2.364162 2.411816 2.439398 2.445459 2.427716 2.382447 2.303662 2.181742 2.000588 1.730151 1.301502
-1.516727 -1.930654 -2.198939 -2.379929 -2.501760 -2.580259 -2.625104 -2.642307 -2.635463 -2.606580 -2.556750 -2.486696 -2.397127 -2.288886 -2.162984 -2.020578 -1.862943 -1.691447 -1.507522 -1.312651 -1.108354 -0.896174 -0.677673 -0.454423 -0.228004 0.000000 0.228004 0.454423 0.677673 0.896174 1.108354 1.312651 1.507522 1.691447 1.862943 2.020578 2.162984 2.288886 2.397127 2.486696 2.556750 2.606580 2.635463 2.642307 2.625104 2.580259 2.501760 2.379929 2.198939 1.930654 1.516727
-1.764236 -2.155780 -2.416492 -2.593559 -2.712616 -2.788982 -2.832289 -2.848490 -2.840946 -2.811234 -2.759893 -2.687120 -2.593255 -2.478936 -2.345094 -2.192895 -2.023677 -1.838908 -1.640156 -1.429057 -1.207300 -0.976615 -0.738758 -0.495509 -0.248656 0.000000 0.248656 0.495509 0.738758 0.976615 1.207300 1.429057 1.640156 1.838908 2.023677 2.192895 2.345094 2.478936 2.593255 2.687120 2.759893 2.811234 2.840946 2.848490 2.832289 2.788982 2.712616 2.593559 2.416492 2.155780 1.764236
-2.048871 -2.409639 -2.656067 -2.824366 -2.937171 -3.009045 -3.049431 -3.064109 -3.056076 -3.026287 -2.974459 -2.899976 -2.802630 -2.682775 -2.541231 -2.379163 -2.197979 -1.999264 -1.784733 -1.556202 -1.315558 -1.064746 -0.805755 -0.540603 -0.271333 0.000000 0.271333 0.540603 0.805755 1.064746 1.315558 1.556202 1.784733 1.999264 2.197979 2.379163 2.541231 2.682775 2.802630 2.899976 2.974459 3.026287 3.056076 3.064109 3.049431 3.009045 2.937171 2.824366 2.656067 2.409639 2.048871
-2.376202 -2.696847 -2.920662 -3.073953 -3.176055 -3.240496 -3.276304 -3.288903 -3.280783 -3.252079 -3.201321 -3.126625 -3.026995 -2.902416 -2.753580 -2.581656 -2.388135 -2.174739 -1.943358 -1.696010 -1.434816 -1.161977 -0.879752 -0.590450 -0.296412 0.000000 0.296412 0.590450 0.879752 1.161977 1.434816 1.696010 1.943358 2.174739 2.388135 2.581656 2.753580 2.902416 3.026995 3.126625 3.201321 3.252079 3.280783 3.288903 3.276304 3.240496 3.176055 3.073953 2.920662 2.696847 2.376202
-2.752632 -3.022319 -3.213107 -3.343420 -3.429281 -3.482786 -3.512139 -3.522121 -3.514571 -3.488682 -3.441363 -3.368650 -3.268439 -3.140291 -2.984791 -2.803138 -2.596934 -2.368060 -2.118610 -1.850844 -1.567156 -1.270046 -0.962100 -0.645971 -0.324360 0.000000 0.324360 0.645971 0.962100 1.270046 1.567156 1.850844 2.118610 2.368060 2.596934 2.803138 2.984791 3.140291 3.268439 3.368650 3.441363 3.488682 3.514571 3.522121 3.512139 3.482786 3.429281 3.343420 3.213107 3.022319 2.752632
-3.185527 -3.390628 -3.535189 -3.632641 -3.695780 -3.734527 -3.755507 -3.762415 -3.756368 -3.735759 -3.695526 -3.627988 -3.529538 -3.399392 -3.238117 -3.047004 -2.827800 -2.582581 -2.313678 -2.023633 -1.715160 -1.391116 -1.054478 -0.708313 -0.355760 0.000000 0.355760 0.708313 1.054478 1.391116 1.715160 2.023633 2.313678 2.582581 2.827800 3.047004 3.238117 3.399392 3.529538 3.627988 3.695526 3.735759 3.756368 3.762415 3.755507 3.734527 3.695780 3.632641 3.535189 3.390628 3.185527
-3.683355 -3.804057 -3.885614 -3.938998 -3.972853 -3.993324 -4.004292 -4.007817 -4.004361 -3.992273 -3.964961 -3.907184 -3.813576 -3.683452 -3.517581 -3.317439 -3.084964 -2.822458 -2.532525 -2.218028 -1.882059 -1.527901 -1.158998 -0.778923 -0.391345 0.000000 0.391345 0.778923 1.158998 1.527901 1.882059 2.218028 2.532525 2.822458 3.084964 3.317439 3.517581 3.683452 3.813576 3.907184 3.964961 3.992273 4.004361 4.007817 4.004292 3.993324 3.972853 3.938998 3.885614 3.804057 3.683355
-4.255859 -4.255859 -4.255859 -4.255859 -4.255859 -4.255859 -4.255859 -4.255859 -4.255859 -4.255859 -4.251476 -4.209909 -4.124842 -3.997154 -3.828164 -3.619619 -3.373673 -3.092867 -2.780104 -2.438615 -2.071928 -1.683832 -1.278338 -0.859635 -0.432050 0.000000 0.432050 0.859635 1.278338 1.683832 2.071928 2.438615 2.780104 3.092867 3.373673 3.619619 3.828164 3.997154 4.124842 4.209909 4.251476 4.255859 4.255859 4.255859 4.255859 4.255859 4.255859 4.255859 4.255859 4.255859 4.255859
